%YAML:1.0
LandmarksFrom: !!opencv-matrix
   rows: 49
   cols: 1
   dt: "2f"
   data: [ 8.58862305e+001, 1.06000458e+002, 9.06778030e+001,
       1.01232704e+002, 9.69985733e+001, 9.86762009e+001,
       1.04002663e+002, 9.82015762e+001, 1.10885193e+002,
       9.88365555e+001, 1.31506439e+002, 9.39812927e+001,
       1.36519745e+002, 9.00050659e+001, 1.42126373e+002,
       8.70004044e+001, 1.48361633e+002, 8.57713776e+001,
       1.53853790e+002, 8.77038040e+001, 1.24215118e+002,
       1.06575630e+002, 1.26455215e+002, 1.12855934e+002,
       1.28540314e+002, 1.18909393e+002, 1.30650024e+002,
       1.25025902e+002, 1.22709663e+002, 1.31713043e+002,
       1.26827202e+002, 1.31870544e+002, 1.31501831e+002,
       1.31427948e+002, 1.35481155e+002, 1.29330811e+002,
       1.38836121e+002, 1.26934105e+002, 9.64956970e+001,
       1.12831360e+002, 1.00475090e+002, 1.08555275e+002,
       1.06170830e+002, 1.07193359e+002, 1.11552544e+002,
       1.09382927e+002, 1.06872269e+002, 1.12244667e+002,
       1.01462822e+002, 1.13650230e+002, 1.35870483e+002,
       1.03820023e+002, 1.39278809e+002, 9.95725403e+001,
       1.44652679e+002, 9.76694107e+001, 1.50409607e+002,
       9.87674255e+001, 1.46130875e+002, 1.02175072e+002,
       1.40973099e+002, 1.04006760e+002, 1.18856110e+002,
       1.47588852e+002, 1.22761131e+002, 1.43464676e+002,
       1.27619278e+002, 1.40473083e+002, 1.33142807e+002,
       1.39665894e+002, 1.38556213e+002, 1.37229050e+002,
       1.44174942e+002, 1.37306564e+002, 1.49391602e+002,
       1.38965210e+002, 1.45947601e+002, 1.43101440e+002,
       1.41334030e+002, 1.46559906e+002, 1.35799667e+002,
       1.48756302e+002, 1.30018066e+002, 1.49999893e+002,
       1.24100861e+002, 1.49672623e+002, 1.26282448e+002,
       1.44104782e+002, 1.33765930e+002, 1.42440491e+002,
       1.41024475e+002, 1.39900131e+002, 1.41408264e+002,
       1.41125397e+002, 1.34357697e+002, 1.44242950e+002,
       1.26720497e+002, 1.45537094e+002 ]
LandmarksTo: !!opencv-matrix
   rows: 49
   cols: 1
   dt: "2f"
   data: [ 8.50541077e+001, 9.78452454e+001, 9.23000336e+001,
       9.46625366e+001, 1.00281944e+002, 9.45403290e+001,
       1.08130783e+002, 9.69800873e+001, 1.15378265e+002,
       1.00580193e+002, 1.39946976e+002, 1.03987305e+002,
       1.47100754e+002, 1.01762581e+002, 1.54492096e+002,
       1.00849373e+002, 1.61819992e+002, 1.02140640e+002,
       1.67001251e+002, 1.06570343e+002, 1.26665947e+002,
       1.14660835e+002, 1.26459740e+002, 1.22464920e+002,
       1.26180077e+002, 1.29955841e+002, 1.25900665e+002,
       1.37526001e+002, 1.14405678e+002, 1.41474823e+002,
       1.18835472e+002, 1.43385788e+002, 1.24127045e+002,
       1.44876709e+002, 1.29358109e+002, 1.44267258e+002,
       1.34033905e+002, 1.43066986e+002, 9.37546387e+001,
       1.09785233e+002, 9.99060211e+001, 1.06796417e+002,
       1.06700882e+002, 1.07714706e+002, 1.11652939e+002,
       1.12378563e+002, 1.05333519e+002, 1.13526924e+002,
       9.88328552e+001, 1.12777206e+002, 1.40557266e+002,
       1.16574165e+002, 1.46072968e+002, 1.13375404e+002,
       1.52744934e+002, 1.13566757e+002, 1.58567719e+002,
       1.17197113e+002, 1.52456223e+002, 1.19111183e+002,
       1.46050400e+002, 1.18933075e+002, 1.03492783e+002,
       1.57183563e+002, 1.09498795e+002, 1.54329224e+002,
       1.16067284e+002, 1.53114182e+002, 1.22439827e+002,
       1.54565506e+002, 1.29380371e+002, 1.54190750e+002,
       1.35483215e+002, 1.56648361e+002, 1.40479263e+002,
       1.60662750e+002, 1.34971588e+002, 1.63724945e+002,
       1.28472992e+002, 1.65553101e+002, 1.21501923e+002,
       1.65614212e+002, 1.14663261e+002, 1.64530441e+002,
       1.08339951e+002, 1.61674042e+002, 1.13073700e+002,
       1.56515381e+002, 1.21948471e+002, 1.57858490e+002,
       1.30947601e+002, 1.58149963e+002, 1.30849228e+002,
       1.59650024e+002, 1.21833435e+002, 1.60076691e+002,
       1.12947136e+002, 1.58264450e+002 ]
translationToZero: !!opencv-matrix
   rows: 3
   cols: 3
   dt: f
   data: [ 1., 0., -1.24622330e+002, 0., 1., -1.31543686e+002, 0., 0.,
       1. ]
rotation: !!opencv-matrix
   rows: 3
   cols: 3
   dt: f
   data: [ 9.32675540e-001, 3.60716313e-001, 0., -3.60716313e-001,
       9.32675540e-001, 0., 0., 0., 1. ]
scalePart: !!opencv-matrix
   rows: 3
   cols: 3
   dt: f
   data: [ 1.17081404e+000, 0., 0., 0., 1.17081404e+000, 0., 0., 0., 1. ]
translationFromZero: !!opencv-matrix
   rows: 3
   cols: 3
   dt: f
   data: [ 1., 0., 1.27788605e+002, 0., 1., 1.20654205e+002, 0., 0., 1. ]
affinePart: !!opencv-matrix
   rows: 3
   cols: 3
   dt: f
   data: [ 1.09198964e+000, 4.22331721e-001, 6.58776093e+001,
       -4.22331721e-001, 1.09198964e+000, -5.37597198e+001, 0., 0., 1. ]
