%YAML:1.0
Star Repeatability: !!opencv-matrix
   rows: 5
   cols: 3
   dt: d
   data: [ 7.4142059058260179e-001, 5.6482130343377712e-001,
       3.8701923076923078e-001, 6.7000000000000004e-001,
       6.9346733668341709e-001, 2.6390532544378698e-001,
       5.4434537775692160e-001, 8.4344351616418456e-001,
       1.8398876404494383e-001, 4.1855670103092785e-001,
       8.8596491228070173e-001, 1.3672496025437203e-001,
       3.4958904109589040e-001, 9.2677595628415299e-001,
       9.0991810737033663e-002 ]
Harris Repeatability: !!opencv-matrix
   rows: 5
   cols: 3
   dt: d
   data: [ 9.1000000000000003e-001, 5.2000000000000002e-001,
       4.2999999999999999e-001, 9.0000000000000002e-001,
       6.5000000000000002e-001, 2.3000000000000001e-001,
       7.9000000000000004e-001, 8.0000000000000004e-001,
       1.3197969543147209e-001, 7.0999999999999996e-001,
       8.7000000000000000e-001, 6.0913705583756347e-002,
       6.4000000000000001e-001, 9.6999999999999997e-001,
       7.1428571428571425e-002 ]
