<?xml version="1.0"?>
<opencv_storage>
<Header>
  "Repeatability Report" "Repeatability List goes as"
  "Kuzey Gauss03 - Kuzey Gauss05" "Kuzey Gauss07 - Kuzey Gauss09"
  "Kuzey Gauss11 - Kuzey Quality05" "Kuzey Quality10 - Kuzey Quality30"
  "Kuzey Quality60 - Kuzey Quality80" "Grafitti2 - Grafitti3"
  "Grafitti4 - Grafitti5" Grafitti6</Header>
<Star type_id="opencv-matrix">
  <rows>5</rows>
  <cols>4</cols>
  <dt>d</dt>
  <data>
    7.4142059058260179e-001 9.2677595628415299e-001
    3.8701923076923078e-001 8.8030592734225621e-001
    6.7000000000000004e-001 8.8596491228070173e-001
    2.6390532544378698e-001 8.1946119823080021e-001
    5.4434537775692160e-001 8.4344351616418456e-001
    1.8398876404494383e-001 5.9676629103380696e-001
    4.1855670103092785e-001 6.9346733668341709e-001
    1.3672496025437203e-001 1.7252820172528202e-001
    3.4958904109589040e-001 5.6482130343377712e-001
    9.0991810737033663e-002 0.</data></Star>
<Harris type_id="opencv-matrix">
  <rows>5</rows>
  <cols>4</cols>
  <dt>d</dt>
  <data>
    8.0000000000000004e-001 9.1000000000000003e-001
    4.0000000000000002e-001 9.0000000000000002e-001
    7.9000000000000004e-001 9.1000000000000003e-001
    1.9000000000000000e-001 8.3999999999999997e-001
    6.9999999999999996e-001 8.0000000000000004e-001
    1.0050251256281408e-001 8.1999999999999995e-001
    5.8999999999999997e-001 5.8999999999999997e-001
    1.2121212121212122e-001 8.0000000000000004e-001
    5.6000000000000005e-001 4.7999999999999998e-001
    1.3131313131313133e-001 6.9999999999999996e-001</data></Harris>
<Sift type_id="opencv-matrix">
  <rows>5</rows>
  <cols>4</cols>
  <dt>d</dt>
  <data>
    7.6544091395930025e-001 8.9860396767083028e-001
    4.6860229574611750e-001 8.5430210325047806e-001
    7.0770313049595501e-001 8.5155096011816844e-001
    2.6001405481377371e-001 8.1461329187718612e-001
    5.7889009793253532e-001 7.5792507204610948e-001
    1.8375094912680334e-001 7.4855729596042864e-001
    4.9160671462829736e-001 5.2560646900269536e-001
    1.0270270270270271e-001 6.0564031437817845e-001
    4.2799461641991926e-001 3.4748091603053433e-001
    7.4074074074074070e-002 1.2474297464016450e-001</data></Sift>
</opencv_storage>
