%YAML:1.0
Header:
   - Repeatability Report
   - Repeatability List goes as
   - Kuzey Gauss03 - Kuzey Gauss05
   - Kuzey Gauss07 - Kuzey Gauss09
   - Kuzey Gauss11 - Kuzey Quality 80
   - Kuzey Quality 60 - Kuzey Quality 30
   - Kuzey Quality 10 - Kuzey Quality 5
   - Grafitti 2 - Grafitti 3
   - Grafitti 4 - Grafitti 5
   - Grafitti 6
Star Repeatability: !!opencv-matrix
   rows: 5
   cols: 3
   dt: d
   data: [ 7.4142059058260179e-001, 5.6482130343377712e-001,
       3.8701923076923078e-001, 6.7000000000000004e-001,
       6.9346733668341709e-001, 2.6390532544378698e-001,
       5.4434537775692160e-001, 8.4344351616418456e-001,
       1.8398876404494383e-001, 4.1855670103092785e-001,
       8.8596491228070173e-001, 1.3672496025437203e-001,
       3.4958904109589040e-001, 9.2677595628415299e-001,
       9.0991810737033663e-002 ]
Harris Repeatability: !!opencv-matrix
   rows: 5
   cols: 3
   dt: d
   data: [ 9.1000000000000003e-001, 5.2000000000000002e-001,
       4.2999999999999999e-001, 9.0000000000000002e-001,
       6.5000000000000002e-001, 2.3000000000000001e-001,
       7.9000000000000004e-001, 8.0000000000000004e-001,
       1.3197969543147209e-001, 7.0999999999999996e-001,
       8.7000000000000000e-001, 6.0913705583756347e-002,
       6.4000000000000001e-001, 9.6999999999999997e-001,
       7.1428571428571425e-002 ]
Sift Repeatability: !!opencv-matrix
   rows: 5
   cols: 3
   dt: d
   data: [ 7.6544091395930025e-001, 3.4748091603053433e-001,
       4.6860229574611750e-001, 7.0770313049595501e-001,
       5.2560646900269536e-001, 2.6001405481377371e-001,
       5.7889009793253532e-001, 7.5792507204610948e-001,
       1.8375094912680334e-001, 4.9160671462829736e-001,
       8.5155096011816844e-001, 1.0270270270270271e-001,
       4.2799461641991926e-001, 8.9860396767083028e-001,
       7.4074074074074070e-002 ]
