# Created by Octave 3.8.2, Fri Feb 27 08:36:23 2015 GTB Standard Time <unknown@ISRA-CSARI>
# name: prob
# type: cell
# rows: 1
# columns: 3
# name: <cell-element>
# type: matrix
# rows: 1
# columns: 28
 0 0 0.03527062999112689 0.1009316770186335 0.09006211180124224 0.04547471162377995 0.01974267968056788 0.04037267080745342 0.04880212954747117 0.07586512866015972 0.005323868677905945 0.01530612244897959 0.0292812777284827 0.05412599822537711 0.09582963620230701 0.0199645075421473 0.01708074534161491 0.04968944099378882 0.003105590062111801 0.04924578527062999 0.09582963620230701 0.03305235137533274 0.002440106477373558 0.01597160603371783 0.04902395740905058 0.0002218278615794144 0.004658385093167702 0.003327417923691216



# name: <cell-element>
# type: matrix
# rows: 28
# columns: 28
 80041 0 0 0 0 0 0 0 0 0 0 0 0 0 0 0 0 0 0 0 0 0 0 0 0 0 0 0
 4508 0 0 0 0 0 0 0 0 0 0 0 0 0 0 0 0 0 0 0 0 0 0 0 0 0 0 0
 0 179 8 32 87 102 13 22 59 29 62 7 25 253 140 496 1 30 3 444 135 132 79 44 33 9 90 13
 0 15 122 27 1 0 154 0 0 0 38 0 0 54 0 2 92 0 0 104 20 1 81 1 0 0 30 0
 0 4 151 2 43 11 59 4 12 219 23 0 173 52 9 11 190 1 2 60 3 4 34 2 2 0 8 0
 0 239 85 6 2 30 188 5 26 4 46 0 1 28 15 3 120 0 1 45 37 5 42 0 18 0 28 0
 0 437 151 15 26 74 106 23 34 15 56 8 6 309 42 304 13 20 0 741 223 112 10 32 43 4 237 51
 0 15 35 0 0 0 53 56 0 0 61 0 0 22 6 3 62 0 0 45 1 10 15 0 0 0 1 0
 0 93 109 2 0 3 102 2 36 53 41 0 0 40 1 6 60 1 0 66 30 14 50 0 1 0 1 0
 0 115 265 4 2 0 194 3 0 0 106 0 0 11 14 15 127 0 0 27 5 21 76 0 6 0 11 0
 0 21 48 17 103 49 116 17 55 0 0 2 4 175 36 400 24 20 2 57 138 103 2 29 0 8 0 12
 0 0 32 0 0 0 22 0 0 0 4 0 0 0 0 0 30 0 0 0 0 0 8 0 0 0 0 0
 0 116 20 1 0 0 152 2 0 7 75 0 0 20 10 15 15 1 0 12 38 1 6 0 7 0 1 0
 0 229 252 24 14 89 427 9 7 4 166 0 14 364 29 3 144 7 0 4 51 42 34 24 4 0 38 2
 0 86 274 34 129 0 110 1 2 0 61 0 1 3 34 1 125 32 0 2 26 0 32 0 1 0 5 0
 0 840 92 12 51 157 260 9 148 14 57 2 39 14 2 107 92 1 0 6 153 124 19 1 4 0 11 17
 0 171 22 42 54 71 21 17 22 20 17 5 17 139 62 538 93 21 1 252 103 52 89 36 100 7 42 11
 0 28 78 1 2 0 96 2 0 23 42 0 5 24 2 0 45 28 0 36 16 6 16 0 0 0 1 0
 0 0 0 0 0 0 0 0 0 0 0 0 0 0 0 0 0 0 0 0 0 0 34 0 0 0 0 0
 0 486 239 28 32 141 264 8 35 10 235 0 41 49 38 96 217 9 3 148 106 143 61 15 7 1 69 6
 0 590 81 15 58 4 129 2 3 106 48 0 25 26 18 11 196 42 5 1 71 232 14 1 27 0 4 0
 0 225 86 1 34 0 219 4 1 117 88 1 3 35 13 10 202 1 0 72 25 166 27 0 8 0 24 34
 0 20 9 19 30 24 61 14 49 2 36 2 3 71 43 85 2 12 1 125 67 54 0 2 0 6 5 4
 0 0 77 0 0 0 106 0 0 0 58 0 0 1 0 0 12 0 0 2 0 0 2 0 0 0 2 0
 0 35 86 2 1 6 103 1 0 35 83 0 5 21 3 11 55 0 0 7 19 3 1 0 0 0 8 0
 0 20 1 0 0 0 1 0 0 0 1 0 0 1 0 0 4 0 0 0 0 7 0 0 1 0 0 0
 0 450 21 3 3 8 32 2 0 1 1 0 5 23 9 25 17 0 0 9 9 15 1 1 2 0 0 0
 0 94 24 0 1 0 15 0 2 1 9 0 0 2 1 0 10 1 2 0 1 0 2 0 0 0 0 3



# name: <cell-element>
# type: matrix
# ndims: 3
 28 28 28
 71025
 4508
 0
 0
 0
 0
 0
 0
 0
 0
 0
 0
 0
 0
 0
 0
 0
 0
 0
 0
 0
 0
 0
 0
 0
 0
 0
 0
 0
 0
 179
 15
 4
 239
 437
 15
 93
 115
 21
 0
 116
 229
 86
 840
 171
 28
 0
 486
 590
 225
 20
 0
 35
 20
 450
 94
 0
 0
 0
 0
 0
 0
 0
 0
 0
 0
 0
 0
 0
 0
 0
 0
 0
 0
 0
 0
 0
 0
 0
 0
 0
 0
 0
 0
 0
 0
 0
 0
 0
 0
 0
 0
 0
 0
 0
 0
 0
 0
 0
 0
 0
 0
 0
 0
 0
 0
 0
 0
 0
 0
 0
 0
 0
 0
 0
 0
 0
 0
 0
 0
 0
 0
 0
 0
 0
 0
 0
 0
 0
 0
 0
 0
 0
 0
 0
 0
 0
 0
 0
 0
 0
 0
 0
 0
 0
 0
 0
 0
 0
 0
 0
 0
 0
 0
 0
 0
 0
 0
 0
 0
 0
 0
 0
 0
 0
 0
 0
 0
 0
 0
 0
 0
 0
 0
 0
 0
 0
 0
 0
 0
 0
 0
 0
 0
 0
 0
 0
 0
 0
 0
 0
 0
 0
 0
 0
 0
 0
 0
 0
 0
 0
 0
 0
 0
 0
 0
 0
 0
 0
 0
 0
 0
 0
 0
 0
 0
 0
 0
 0
 0
 0
 0
 0
 0
 0
 0
 0
 0
 0
 0
 0
 0
 0
 0
 0
 0
 0
 0
 0
 0
 0
 0
 0
 0
 0
 0
 0
 0
 0
 0
 0
 0
 0
 0
 0
 0
 0
 0
 0
 0
 0
 0
 0
 0
 0
 0
 0
 0
 0
 0
 0
 0
 0
 0
 0
 0
 0
 0
 0
 0
 0
 0
 0
 0
 0
 0
 0
 0
 0
 0
 0
 0
 0
 0
 0
 0
 0
 0
 0
 0
 0
 0
 0
 0
 0
 0
 0
 0
 0
 0
 0
 0
 0
 0
 0
 0
 0
 0
 0
 0
 0
 0
 0
 0
 0
 0
 0
 0
 0
 0
 0
 0
 0
 0
 0
 0
 0
 0
 0
 0
 0
 0
 0
 0
 0
 0
 0
 0
 0
 0
 0
 0
 0
 0
 0
 0
 0
 0
 0
 0
 0
 0
 0
 0
 0
 0
 0
 0
 0
 0
 0
 0
 0
 0
 0
 0
 0
 0
 0
 0
 0
 0
 0
 0
 0
 0
 0
 0
 0
 0
 0
 0
 0
 0
 0
 0
 0
 0
 0
 0
 0
 0
 0
 0
 0
 0
 0
 0
 0
 0
 0
 0
 0
 0
 0
 0
 0
 0
 0
 0
 0
 0
 0
 0
 0
 0
 0
 0
 0
 0
 0
 0
 0
 0
 0
 0
 0
 0
 0
 0
 0
 0
 0
 0
 0
 0
 0
 0
 0
 0
 0
 0
 0
 0
 0
 0
 0
 0
 0
 0
 0
 0
 0
 0
 0
 0
 0
 0
 0
 0
 0
 0
 0
 0
 0
 0
 0
 0
 0
 0
 0
 0
 0
 0
 0
 0
 0
 0
 0
 0
 0
 0
 0
 0
 0
 0
 0
 0
 0
 0
 0
 0
 0
 0
 0
 0
 0
 0
 0
 0
 0
 0
 0
 0
 0
 0
 0
 0
 0
 0
 0
 0
 0
 0
 0
 0
 0
 0
 0
 0
 0
 0
 0
 0
 0
 0
 0
 0
 0
 0
 0
 0
 0
 0
 0
 0
 0
 0
 0
 0
 0
 0
 0
 0
 0
 0
 0
 0
 0
 0
 0
 0
 0
 0
 0
 0
 0
 0
 0
 0
 0
 0
 0
 0
 0
 0
 0
 0
 0
 0
 0
 0
 0
 0
 0
 0
 0
 0
 0
 0
 0
 0
 0
 0
 0
 0
 0
 0
 0
 0
 0
 0
 0
 0
 0
 0
 0
 0
 0
 0
 0
 0
 0
 0
 0
 0
 0
 0
 0
 0
 0
 0
 0
 0
 0
 0
 0
 0
 0
 0
 0
 0
 0
 0
 0
 0
 0
 0
 0
 0
 0
 0
 0
 0
 0
 0
 0
 0
 0
 0
 0
 0
 0
 0
 0
 0
 0
 0
 0
 0
 0
 0
 0
 0
 0
 0
 0
 0
 0
 0
 0
 0
 0
 0
 0
 0
 0
 0
 0
 0
 0
 0
 0
 0
 0
 0
 0
 0
 0
 0
 0
 0
 0
 0
 0
 0
 0
 0
 0
 0
 0
 0
 0
 0
 0
 0
 0
 0
 0
 0
 0
 0
 0
 0
 0
 0
 0
 0
 0
 0
 0
 0
 0
 0
 0
 0
 0
 0
 0
 0
 0
 0
 0
 0
 0
 0
 0
 0
 0
 0
 0
 0
 0
 0
 0
 0
 0
 0
 0
 0
 0
 0
 0
 0
 0
 0
 0
 0
 0
 0
 0
 0
 0
 0
 0
 0
 0
 0
 0
 0
 0
 0
 0
 0
 0
 0
 0
 0
 0
 0
 0
 0
 0
 0
 0
 0
 0
 0
 0
 0
 0
 0
 0
 0
 0
 0
 0
 0
 0
 0
 0
 0
 0
 0
 0
 0
 0
 0
 0
 0
 0
 0
 0
 0
 0
 0
 0
 0
 0
 0
 0
 0
 0
 0
 0
 0
 0
 0
 0
 0
 0
 0
 0
 0
 0
 0
 0
 0
 0
 0
 0
 0
 0
 2
 5
 15
 8
 0
 6
 2
 15
 1
 1
 17
 5
 23
 3
 1
 0
 30
 8
 12
 1
 7
 0
 0
 4
 13
 0
 0
 1
 6
 0
 0
 0
 0
 0
 0
 0
 0
 0
 1
 6
 0
 1
 0
 0
 0
 0
 0
 0
 0
 0
 0
 0
 0
 0
 0
 1
 0
 0
 0
 0
 0
 0
 0
 1
 0
 0
 0
 0
 1
 0
 0
 0
 0
 0
 0
 1
 0
 0
 0
 0
 0
 0
 0
 14
 0
 0
 7
 9
 0
 0
 0
 5
 0
 0
 38
 0
 48
 21
 0
 0
 88
 0
 0
 4
 0
 1
 0
 4
 0
 0
 0
 1
 9
 38
 15
 22
 5
 22
 5
 19
 0
 16
 70
 5
 53
 10
 7
 0
 35
 26
 41
 17
 8
 6
 0
 5
 2
 0
 0
 1
 0
 0
 0
 0
 11
 0
 0
 0
 0
 0
 3
 0
 0
 0
 0
 0
 0
 0
 0
 0
 0
 0
 0
 0
 0
 0
 0
 1
 0
 0
 0
 0
 0
 7
 0
 3
 0
 0
 0
 0
 72
 1
 0
 0
 9
 0
 0
 0
 0
 0
 0
 0
 0
 0
 0
 2
 0
 35
 0
 0
 0
 17
 0
 0
 0
 0
 0
 0
 1
 1
 4
 0
 0
 19
 36
 0
 0
 0
 0
 0
 0
 0
 0
 1
 0
 1
 2
 0
 0
 0
 0
 0
 0
 7
 2
 0
 1
 1
 0
 0
 1
 1
 2
 1
 0
 0
 0
 1
 0
 0
 0
 0
 0
 0
 0
 0
 0
 0
 0
 0
 0
 0
 0
 0
 0
 0
 0
 0
 0
 0
 0
 0
 0
 0
 0
 0
 0
 0
 0
 5
 0
 72
 0
 3
 0
 0
 0
 0
 0
 0
 3
 0
 10
 7
 0
 0
 11
 4
 0
 0
 0
 1
 0
 0
 0
 0
 0
 25
 0
 0
 0
 42
 0
 0
 5
 8
 0
 0
 144
 0
 0
 2
 0
 0
 2
 0
 0
 1
 0
 0
 0
 0
 0
 0
 0
 44
 0
 0
 0
 1
 0
 0
 1
 3
 0
 0
 6
 5
 0
 10
 0
 0
 1
 1
 0
 14
 0
 0
 0
 0
 0
 0
 0
 184
 0
 0
 0
 102
 0
 0
 10
 107
 0
 0
 1
 0
 32
 377
 0
 0
 21
 0
 0
 4
 0
 2
 0
 0
 0
 0
 0
 1
 2
 15
 29
 1
 0
 7
 4
 6
 4
 0
