%YAML:1.0
goldenLandmark: !!opencv-matrix
   rows: 49
   cols: 1
   dt: "2f"
   data: [ 1.89608765e+001, 6.76671753e+001, 2.75615654e+001,
       6.05752525e+001, 3.88371391e+001, 5.79044533e+001,
       5.06391411e+001, 5.82213097e+001, 6.21165276e+001,
       6.09860153e+001, 1.00040886e+002, 5.80385437e+001,
       1.11446808e+002, 5.37016525e+001, 1.23491959e+002,
       5.17247887e+001, 1.35392380e+002, 5.30012589e+001,
       1.45226410e+002, 5.90198212e+001, 8.25676270e+001,
       7.83235779e+001, 8.34199677e+001, 9.24079285e+001,
       8.42657318e+001, 1.06435753e+002, 8.51055527e+001,
       1.20444588e+002, 7.01565399e+001, 1.29794998e+002,
       7.77874680e+001, 1.32205200e+002, 8.62618027e+001,
       1.33165070e+002, 9.46928406e+001, 1.31060913e+002,
       1.02102455e+002, 1.27612022e+002, 3.34300919e+001,
       8.36703339e+001, 4.19296379e+001, 7.71461182e+001,
       5.27561951e+001, 7.66507721e+001, 6.21184998e+001,
       8.29262009e+001, 5.26739006e+001, 8.59210739e+001,
       4.23755875e+001, 8.65798035e+001, 1.04276215e+002,
       7.99684448e+001, 1.12581833e+002, 7.24403229e+001,
       1.23418060e+002, 7.14806824e+001, 1.32926605e+002,
       7.68368683e+001, 1.24307373e+002, 8.09424057e+001,
       1.14002831e+002, 8.16357803e+001, 5.44695129e+001,
       1.53339813e+002, 6.45812988e+001, 1.49228043e+002,
       7.57521667e+001, 1.47078522e+002, 8.74124298e+001,
       1.47673294e+002, 9.92677612e+001, 1.45520599e+002,
       1.11002930e+002, 1.46114548e+002, 1.22080215e+002,
       1.48695541e+002, 1.14058838e+002, 1.59429932e+002,
       1.02953705e+002, 1.67056549e+002, 8.90332718e+001,
       1.70315613e+002, 7.50926895e+001, 1.68978012e+002,
       6.34163284e+001, 1.62904678e+002, 7.30249481e+001,
       1.52852112e+002, 8.78144608e+001, 1.53316559e+002,
       1.02916771e+002, 1.50815704e+002, 1.04172333e+002,
       1.57419693e+002, 8.83844681e+001, 1.61192841e+002,
       7.26953659e+001, 1.59578842e+002 ]
mask_rotatedRectCenterX: 85.
mask_rotatedRectCenterY: 110.
mask_rotatedRectSizeWidth: 165.
mask_rotatedRectSizeHeight: 214.
mask_width: 170
mask_height: 220
