%YAML:1.0
Golden: !!opencv-matrix
   rows: 2
   cols: 49
   dt: f
   data: [ 3.01340122e+001, 3.89126511e+001, 4.86708336e+001,
       5.88484612e+001, 6.87004776e+001, 9.73112488e+001,
       1.08945335e+002, 1.20246460e+002, 1.31351639e+002,
       1.40253433e+002, 8.25512924e+001, 8.23283081e+001,
       8.21714554e+001, 8.20124588e+001, 6.74403381e+001,
       7.47015381e+001, 8.29351044e+001, 9.13628082e+001,
       9.91854172e+001, 4.32937431e+001, 5.06552773e+001,
       5.96361504e+001, 6.69045715e+001, 5.87570534e+001,
       4.99433098e+001, 1.02022194e+002, 1.08917747e+002,
       1.17963051e+002, 1.26488266e+002, 1.18788010e+002,
       1.09885063e+002, 5.77998390e+001, 6.66941452e+001,
       7.63434982e+001, 8.61431656e+001, 9.65055237e+001,
       1.06541237e+002, 1.16990860e+002, 1.09053421e+002,
       9.84153061e+001, 8.61736832e+001, 7.45296936e+001,
       6.47717209e+001, 7.23024368e+001, 8.59315567e+001,
       1.00085564e+002, 1.00712776e+002, 8.59876709e+001,
       7.21169434e+001, 1.22874214e+002, 1.17657471e+002,
       1.16412651e+002, 1.16665779e+002, 1.18752609e+002,
       1.17821640e+002, 1.15476082e+002, 1.15155212e+002,
       1.17510139e+002, 1.24353287e+002, 1.29682007e+002,
       1.40322296e+002, 1.50927612e+002, 1.61403458e+002,
       1.68348648e+002, 1.70291016e+002, 1.71427322e+002,
       1.70269104e+002, 1.68644287e+002, 1.29333328e+002,
       1.24728981e+002, 1.25005402e+002, 1.30599167e+002,
       1.31838562e+002, 1.32003754e+002, 1.30441422e+002,
       1.24277733e+002, 1.24225105e+002, 1.28377899e+002,
       1.31189148e+002, 1.31151794e+002, 1.91176239e+002,
       1.87841553e+002, 1.86707199e+002, 1.87417831e+002,
       1.86314987e+002, 1.86352188e+002, 1.87760742e+002,
       1.96398743e+002, 2.01635147e+002, 2.03927902e+002,
       2.02759720e+002, 1.98347198e+002, 1.89914383e+002,
       1.90225357e+002, 1.88623886e+002, 1.95805328e+002,
       1.98254730e+002, 1.97201477e+002 ]
ImageWidth: 185
ImageHeight: 250
