%YAML:1.0
goldenLandmark: !!opencv-matrix
   rows: 49
   cols: 1
   dt: "2f"
   data: [ 9.60876465e-001, 2.46671753e+001, 9.56156540e+000,
       1.75752525e+001, 2.08371391e+001, 1.49044533e+001,
       3.26391411e+001, 1.52213097e+001, 4.41165276e+001,
       1.79860153e+001, 8.20408859e+001, 1.50385437e+001,
       9.34468079e+001, 1.07016525e+001, 1.05491959e+002,
       8.72478867e+000, 1.17392380e+002, 1.00012589e+001,
       1.27226402e+002, 1.60198212e+001, 6.45676270e+001,
       3.53235741e+001, 6.54199677e+001, 4.94079285e+001,
       6.62657318e+001, 6.34357529e+001, 6.71055527e+001,
       7.74445877e+001, 5.21565399e+001, 8.67950058e+001,
       5.97874641e+001, 8.92052002e+001, 6.82618027e+001,
       9.01650620e+001, 7.66928406e+001, 8.80609055e+001,
       8.41024551e+001, 8.46120224e+001, 1.54300919e+001,
       4.06703377e+001, 2.39296379e+001, 3.41461220e+001,
       3.47561951e+001, 3.36507759e+001, 4.41184998e+001,
       3.99262009e+001, 3.46739006e+001, 4.29210739e+001,
       2.43755875e+001, 4.35798035e+001, 8.62762146e+001,
       3.69684486e+001, 9.45818329e+001, 2.94403267e+001,
       1.05418060e+002, 2.84806824e+001, 1.14926613e+002,
       3.38368645e+001, 1.06307373e+002, 3.79424057e+001,
       9.60028305e+001, 3.86357803e+001, 3.64695129e+001,
       1.10339813e+002, 4.65812988e+001, 1.06228043e+002,
       5.77521629e+001, 1.04078522e+002, 6.94124298e+001,
       1.04673294e+002, 8.12677612e+001, 1.02520599e+002,
       9.30029297e+001, 1.03114548e+002, 1.04080215e+002,
       1.05695541e+002, 9.60588379e+001, 1.16429932e+002,
       8.49537048e+001, 1.24056541e+002, 7.10332718e+001,
       1.27315613e+002, 5.70926895e+001, 1.25978012e+002,
       4.54163284e+001, 1.19904678e+002, 5.50249481e+001,
       1.09852112e+002, 6.98144608e+001, 1.10316559e+002,
       8.49167709e+001, 1.07815704e+002, 8.61723328e+001,
       1.14419693e+002, 7.03844681e+001, 1.18192833e+002,
       5.46953621e+001, 1.16578842e+002 ]
mask_rotatedRectCenterX: 67.
mask_rotatedRectCenterY: 67.
mask_rotatedRectSizeWidth: 132.
mask_rotatedRectSizeHeight: 132.
mask_width: 134
mask_height: 134
