%YAML:1.0
Golden: !!opencv-matrix
   rows: 2
   cols: 49
   dt: f
   data: [ -1.38989002e-001, -1.06880531e-001, -7.68108144e-002,
       -4.83485572e-002, -2.24337839e-002, 7.99910650e-002,
       1.32561058e-001, 1.85777977e-001, 2.32443571e-001,
       2.67657578e-001, 2.39334698e-003, -2.32078545e-002,
       -4.92374003e-002, -7.66706020e-002, -1.25436708e-001,
       -1.05871722e-001, -8.18099529e-002, -5.09511381e-002,
       -1.95591897e-002, -1.31386369e-001, -9.27378237e-002,
       -5.84599413e-002, -4.29508239e-002, -7.87240043e-002,
       -1.11566745e-001, 8.08069706e-002, 1.27203718e-001,
       1.67130396e-001, 1.89572603e-001, 1.51692346e-001,
       1.13871932e-001, -1.85386583e-001, -1.58641562e-001,
       -1.26573339e-001, -9.62175429e-002, -4.80142273e-002,
       -8.08784738e-003, 2.88598519e-002, -2.32441667e-002,
       -7.92934000e-002, -1.35260195e-001, -1.73478305e-001,
       -1.87693745e-001, -1.46411955e-001, -1.02137662e-001,
       -3.59260403e-002, -5.34050539e-002, -1.20390899e-001,
       -1.63616210e-001, 9.28643048e-002, 7.29871094e-002,
       5.47861755e-002, 3.76432352e-002, 2.21954733e-002,
       -4.03968990e-002, -7.28797019e-002, -1.05663463e-001,
       -1.34120211e-001, -1.55186549e-001, 8.10098462e-003,
       2.48944294e-002, 4.19593379e-002, 5.99196255e-002,
       9.02278796e-002, 7.85095096e-002, 6.39813840e-002,
       4.50282618e-002, 2.56390199e-002, 8.96483138e-002,
       6.56490251e-002, 4.48041596e-002, 3.60477418e-002,
       5.79809472e-002, 7.79506415e-002, -3.94669361e-002,
       -6.84914142e-002, -9.28956866e-002, -1.06143996e-001,
       -8.26465264e-002, -5.95304891e-002, 1.28470436e-001,
       1.11863591e-001, 9.22510251e-002, 7.38422498e-002,
       4.42945734e-002, 2.00386196e-002, -2.23915977e-003,
       3.05416789e-002, 6.54304624e-002, 9.97979268e-002,
       1.22841403e-001, 1.30808964e-001, 1.04754351e-001,
       7.78019056e-002, 3.72237824e-002, 4.88131270e-002,
       8.98992717e-002, 1.16019413e-001 ]
ImageWidth: 185
ImageHeight: 250
