<?xml version="1.0"?>
<opencv_storage>
<Header>
  "Repeatability Report"</Header>
<Star type_id="opencv-matrix">
  <rows>5</rows>
  <cols>5</cols>
  <dt>d</dt>
  <data>
    8.9088191330343802e-001 9.3700490380988311e-001
    5.4626675175494577e-001 8.6242960579243766e-001
    7.6897689768976896e-001 8.3086053412462912e-001
    8.9678638941398869e-001 4.3461538461538463e-001
    6.0050632911392410e-001 7.0163370593293206e-001
    7.3780487804878048e-001 8.6315789473684212e-001
    3.6669213139801377e-001 1.7546264564770392e-001
    5.7586039747939899e-001 5.5154490326306671e-001
    7.3994038748137114e-001 2.9357798165137616e-001
    3.2762472077438570e-002 4.5079365079365080e-001
    3.4720158494304110e-001 6.0490266762797407e-001
    2.3839662447257384e-001 0. 3.8240270727580372e-001</data></Star>
<Harris type_id="opencv-matrix">
  <rows>5</rows>
  <cols>5</cols>
  <dt>d</dt>
  <data>
    8.3999999999999997e-001 8.4666666666666668e-001
    6.2000000000000000e-001 8.4666666666666668e-001
    7.8000000000000003e-001 7.3999999999999999e-001
    8.3999999999999997e-001 3.0100334448160537e-001
    7.7333333333333332e-001 7.4666666666666670e-001
    5.8666666666666667e-001 7.6000000000000001e-001
    3.1438127090301005e-001 7.8000000000000003e-001
    6.3333333333333330e-001 5.0000000000000000e-001
    5.7999999999999996e-001 2.3489932885906040e-001
    7.1333333333333337e-001 6.2666666666666671e-001
    3.7333333333333335e-001 4.8666666666666669e-001
    2.0875420875420875e-001 6.2666666666666671e-001
    5.6000000000000005e-001</data></Harris>
<Sift type_id="opencv-matrix">
  <rows>5</rows>
  <cols>5</cols>
  <dt>d</dt>
  <data>
    8.2253933406512991e-001 8.9925925925925931e-001
    5.2537722908093276e-001 8.4534476042072459e-001
    7.7614085519223863e-001 7.4884547069271756e-001
    8.5820895522388063e-001 3.7212643678160917e-001
    7.5529705027004568e-001 7.2578928698119904e-001
    6.1538461538461542e-001 7.6990185387131949e-001
    3.0156250000000001e-001 6.1043802423112770e-001
    6.1403508771929827e-001 4.6089552238805970e-001
    5.7676630434782605e-001 2.0825515947467166e-001
    4.3411700382722801e-001 5.5158570855078282e-001
    3.1011235955056182e-001 4.2852751306486320e-001
    1.7860465116279070e-001 1.2698412698412698e-001
    4.9255751014884980e-001</data></Sift>
</opencv_storage>
